D_total
0 0 1
0 0 0
0 0 0
1 1 1
0 0 0
0 0 0
1 1 1
0 0 0
0 0 0
2 6 2
0 0 0
0 0 0
2 6 2
0 0 0
0 0 0
3 3 3
0 0 0
0 0 0
3 3 3
0 0 0
0 0 0
5 6 2
0 0 0
0 0 0
A_one
 1  0  0  0  0  0
 0  1  0  0  0  0
 0  0  2  0  0  0
 1  1  1  1  1  1
 0  1  2  3  4  5
 0  0  2  6 12 20
A_total
 1  0  0  0  0  0  0  0  0  0  0  0  0  0  0  0  0  0  0  0  0  0  0  0
 0  1  0  0  0  0  0  0  0  0  0  0  0  0  0  0  0  0  0  0  0  0  0  0
 0  0  2  0  0  0  0  0  0  0  0  0  0  0  0  0  0  0  0  0  0  0  0  0
 1  1  1  1  1  1  0  0  0  0  0  0  0  0  0  0  0  0  0  0  0  0  0  0
 0  1  2  3  4  5  0  0  0  0  0  0  0  0  0  0  0  0  0  0  0  0  0  0
 0  0  2  6 12 20  0  0  0  0  0  0  0  0  0  0  0  0  0  0  0  0  0  0
 0  0  0  0  0  0  1  0  0  0  0  0  0  0  0  0  0  0  0  0  0  0  0  0
 0  0  0  0  0  0  0  1  0  0  0  0  0  0  0  0  0  0  0  0  0  0  0  0
 0  0  0  0  0  0  0  0  2  0  0  0  0  0  0  0  0  0  0  0  0  0  0  0
 0  0  0  0  0  0  1  1  1  1  1  1  0  0  0  0  0  0  0  0  0  0  0  0
 0  0  0  0  0  0  0  1  2  3  4  5  0  0  0  0  0  0  0  0  0  0  0  0
 0  0  0  0  0  0  0  0  2  6 12 20  0  0  0  0  0  0  0  0  0  0  0  0
 0  0  0  0  0  0  0  0  0  0  0  0  1  0  0  0  0  0  0  0  0  0  0  0
 0  0  0  0  0  0  0  0  0  0  0  0  0  1  0  0  0  0  0  0  0  0  0  0
 0  0  0  0  0  0  0  0  0  0  0  0  0  0  2  0  0  0  0  0  0  0  0  0
 0  0  0  0  0  0  0  0  0  0  0  0  1  1  1  1  1  1  0  0  0  0  0  0
 0  0  0  0  0  0  0  0  0  0  0  0  0  1  2  3  4  5  0  0  0  0  0  0
 0  0  0  0  0  0  0  0  0  0  0  0  0  0  2  6 12 20  0  0  0  0  0  0
 0  0  0  0  0  0  0  0  0  0  0  0  0  0  0  0  0  0  1  0  0  0  0  0
 0  0  0  0  0  0  0  0  0  0  0  0  0  0  0  0  0  0  0  1  0  0  0  0
 0  0  0  0  0  0  0  0  0  0  0  0  0  0  0  0  0  0  0  0  2  0  0  0
 0  0  0  0  0  0  0  0  0  0  0  0  0  0  0  0  0  0  1  1  1  1  1  1
 0  0  0  0  0  0  0  0  0  0  0  0  0  0  0  0  0  0  0  1  2  3  4  5
 0  0  0  0  0  0  0  0  0  0  0  0  0  0  0  0  0  0  0  0  2  6 12 20
Q_one
  0   0   0   0   0   0
  0   0   0   0   0   0
  0   0   0   0   0   0
  0   0   0  36  72 120
  0   0   0  72 192 360
  0   0   0 120 360 720
Q_total
  0   0   0   0   0   0   0   0   0   0   0   0   0   0   0   0   0   0   0   0   0   0   0   0
  0   0   0   0   0   0   0   0   0   0   0   0   0   0   0   0   0   0   0   0   0   0   0   0
  0   0   0   0   0   0   0   0   0   0   0   0   0   0   0   0   0   0   0   0   0   0   0   0
  0   0   0  36  72 120   0   0   0   0   0   0   0   0   0   0   0   0   0   0   0   0   0   0
  0   0   0  72 192 360   0   0   0   0   0   0   0   0   0   0   0   0   0   0   0   0   0   0
  0   0   0 120 360 720   0   0   0   0   0   0   0   0   0   0   0   0   0   0   0   0   0   0
  0   0   0   0   0   0   0   0   0   0   0   0   0   0   0   0   0   0   0   0   0   0   0   0
  0   0   0   0   0   0   0   0   0   0   0   0   0   0   0   0   0   0   0   0   0   0   0   0
  0   0   0   0   0   0   0   0   0   0   0   0   0   0   0   0   0   0   0   0   0   0   0   0
  0   0   0   0   0   0   0   0   0  36  72 120   0   0   0   0   0   0   0   0   0   0   0   0
  0   0   0   0   0   0   0   0   0  72 192 360   0   0   0   0   0   0   0   0   0   0   0   0
  0   0   0   0   0   0   0   0   0 120 360 720   0   0   0   0   0   0   0   0   0   0   0   0
  0   0   0   0   0   0   0   0   0   0   0   0   0   0   0   0   0   0   0   0   0   0   0   0
  0   0   0   0   0   0   0   0   0   0   0   0   0   0   0   0   0   0   0   0   0   0   0   0
  0   0   0   0   0   0   0   0   0   0   0   0   0   0   0   0   0   0   0   0   0   0   0   0
  0   0   0   0   0   0   0   0   0   0   0   0   0   0   0  36  72 120   0   0   0   0   0   0
  0   0   0   0   0   0   0   0   0   0   0   0   0   0   0  72 192 360   0   0   0   0   0   0
  0   0   0   0   0   0   0   0   0   0   0   0   0   0   0 120 360 720   0   0   0   0   0   0
  0   0   0   0   0   0   0   0   0   0   0   0   0   0   0   0   0   0   0   0   0   0   0   0
  0   0   0   0   0   0   0   0   0   0   0   0   0   0   0   0   0   0   0   0   0   0   0   0
  0   0   0   0   0   0   0   0   0   0   0   0   0   0   0   0   0   0   0   0   0   0   0   0
  0   0   0   0   0   0   0   0   0   0   0   0   0   0   0   0   0   0   0   0   0  36  72 120
  0   0   0   0   0   0   0   0   0   0   0   0   0   0   0   0   0   0   0   0   0  72 192 360
  0   0   0   0   0   0   0   0   0   0   0   0   0   0   0   0   0   0   0   0   0 120 360 720
test
C_select_T
1 0 0 0 0 0 0 0 0 0 0 0 0 0 0 0 0 0 0 0 0 0 0 0
0 1 0 0 0 0 0 0 0 0 0 0 0 0 0 0 0 0 0 0 0 0 0 0
0 0 1 0 0 0 0 0 0 0 0 0 0 0 0 0 0 0 0 0 0 0 0 0
0 0 0 0 0 0 0 0 0 0 0 0 0 0 0 0 0 0 0 0 0 1 0 0
0 0 0 0 0 0 0 0 0 0 0 0 0 0 0 0 0 0 0 0 0 0 1 0
0 0 0 0 0 0 0 0 0 0 0 0 0 0 0 0 0 0 0 0 0 0 0 1
0 0 0 1 0 0 0 0 0 0 0 0 0 0 0 0 0 0 0 0 0 0 0 0
0 0 0 0 0 0 1 0 0 0 0 0 0 0 0 0 0 0 0 0 0 0 0 0
0 0 0 0 0 0 0 0 0 1 0 0 0 0 0 0 0 0 0 0 0 0 0 0
0 0 0 0 0 0 0 0 0 0 0 0 1 0 0 0 0 0 0 0 0 0 0 0
0 0 0 0 0 0 0 0 0 0 0 0 0 0 0 1 0 0 0 0 0 0 0 0
0 0 0 0 0 0 0 0 0 0 0 0 0 0 0 0 0 0 1 0 0 0 0 0
0 0 0 0 1 0 0 0 0 0 0 0 0 0 0 0 0 0 0 0 0 0 0 0
0 0 0 0 0 1 0 0 0 0 0 0 0 0 0 0 0 0 0 0 0 0 0 0
0 0 0 0 0 0 0 1 0 0 0 0 0 0 0 0 0 0 0 0 0 0 0 0
0 0 0 0 0 0 0 0 1 0 0 0 0 0 0 0 0 0 0 0 0 0 0 0
0 0 0 0 0 0 0 0 0 0 1 0 0 0 0 0 0 0 0 0 0 0 0 0
0 0 0 0 0 0 0 0 0 0 0 1 0 0 0 0 0 0 0 0 0 0 0 0
0 0 0 0 0 0 0 0 0 0 0 0 0 1 0 0 0 0 0 0 0 0 0 0
0 0 0 0 0 0 0 0 0 0 0 0 0 0 1 0 0 0 0 0 0 0 0 0
0 0 0 0 0 0 0 0 0 0 0 0 0 0 0 0 1 0 0 0 0 0 0 0
0 0 0 0 0 0 0 0 0 0 0 0 0 0 0 0 0 1 0 0 0 0 0 0
0 0 0 0 0 0 0 0 0 0 0 0 0 0 0 0 0 0 0 1 0 0 0 0
0 0 0 0 0 0 0 0 0 0 0 0 0 0 0 0 0 0 0 0 1 0 0 0
D_fixed
0 0 1
0 0 0
0 0 0
5 6 2
0 0 0
0 0 0
1 1 1
1 1 1
2 6 2
2 6 2
3 3 3
3 3 3
D_total_selected
          0           0           1
          0           0           0
          0           0           0
          5           6           2
          0           0           0
          0           0           0
          1           1           1
          1           1           1
          2           6           2
          2           6           2
          3           3           3
          3           3           3
       -nan        -nan        -nan
       -nan        -nan        -nan
       -nan        -nan        -nan
       -nan        -nan        -nan
       -nan        -nan        -nan
       -nan        -nan        -nan
       -nan        -nan        -nan
       -nan        -nan        -nan
       -nan        -nan        -nan
          0           0           1
          0           0 1.06581e-14
          0           0 2.13163e-14
Poly_coff_total
-nan -nan -nan
-nan -nan -nan
-nan -nan -nan
-nan -nan -nan
-nan -nan -nan
-nan -nan -nan
-nan -nan -nan
-nan -nan -nan
-nan -nan -nan
-nan -nan -nan
-nan -nan -nan
-nan -nan -nan
-nan -nan -nan
-nan -nan -nan
-nan -nan -nan
-nan -nan -nan
-nan -nan -nan
-nan -nan -nan
-nan -nan -nan
-nan -nan -nan
-nan -nan -nan
-nan -nan -nan
-nan -nan -nan
-nan -nan -nan